95 55 83 17 66 
70 33 72 53 98 
23 91 78 20 85 
58 56 75 46 95 
15 99 70 77 96 
25 93 37 70 57 
93 97 47 97 41 
77 28 90 87 80 
70 88 32 64 12 
45 87 99 29 93 
45 86 45 95 96 
79 12 56 41 13 
65 70 16 62 90 
11 56 54 64 15 
15 45 57 48 22 
27 66 19 27 91 
49 25 49 93 52 
25 76 25 55 40 
27 23 74 11 44 
67 29 15 39 21 
29 92 91 14 20 
44 73 51 28 14 
94 69 87 34 95 
10 46 93 13 23 
11 12 50 27 96 
82 52 54 78 42 
40 32 16 55 91 
52 68 30 20 29 
85 28 55 85 98 
15 79 100 67 51 
78 51 35 83 44 
13 39 14 30 33 
27 72 19 28 39 
56 69 16 35 98 
61 10 95 41 63 
83 26 81 82 56 
33 25 40 73 52 
16 53 41 11 81 
38 34 38 78 56 
81 67 14 41 32 
29 92 73 94 44 
76 71 68 48 92 
85 33 50 28 30 
18 13 23 37 82 
27 44 19 100 17 
86 34 66 90 13 
74 20 94 22 80 
15 59 57 36 46 
58 52 57 93 77 
22 97 62 38 44 
86 18 66 72 97 
93 31 64 73 54 
27 49 49 84 96 
83 75 73 89 34 
39 47 98 31 17 
51 91 63 84 43 
100 56 56 12 64 
97 15 21 86 95 
85 98 76 69 36 
84 27 46 53 88 
36 32 51 69 56 
53 47 40 74 22 
37 96 35 52 75 
44 89 67 41 68 
88 35 75 20 62 
21 40 17 26 84 
50 81 15 73 62 
72 85 47 69 29 
48 73 84 57 34 
62 68 65 25 100 
47 97 21 17 85 
90 87 72 95 84 
50 39 94 77 20 
30 32 27 88 90 
15 51 45 92 16 
16 48 14 77 77 
27 99 58 83 83 
48 48 87 73 19 
100 60 77 53 18 
52 40 36 34 42 
42 93 59 39 24 
92 57 38 51 81 
17 26 55 63 54 
74 40 92 74 29 
76 22 63 91 13 
37 68 17 99 41 
60 63 92 47 77 
11 56 19 97 82 
37 66 17 35 90 
21 69 84 33 55 
94 72 82 15 68 
21 17 99 16 25 
69 59 71 49 39 
77 76 80 53 55 
90 92 23 86 29 
75 14 89 30 13 
67 28 90 55 11 
82 98 98 43 77 
71 77 59 88 55 
49 53 37 47 86 
65 94 28 23 49 
68 56 37 96 69 
70 56 36 86 28 
50 99 31 12 73 
33 74 61 47 89 
19 16 62 63 90 
29 57 15 94 74 
60 20 19 38 36 
80 57 85 84 40 
53 53 78 16 68 
65 87 81 17 63 
23 93 16 89 63 
44 32 85 57 99 
38 20 12 44 88 
81 42 44 45 36 
17 94 22 90 85 
49 49 69 42 36 
99 43 90 37 30 
16 26 77 61 60 
29 17 19 60 27 
57 23 62 79 97 
34 43 82 23 28 
23 54 57 34 56 
95 40 42 58 77 
46 60 64 37 76 
48 100 95 58 41 
100 21 37 56 49 
78 79 62 10 36 
51 33 93 72 61 
98 69 25 51 53 
21 59 19 74 55 
78 32 80 11 17 
32 92 52 64 100 
23 46 65 33 95 
99 66 91 30 71 
26 55 23 16 73 
76 53 81 47 69 
74 85 44 28 59 
39 65 42 75 20 
86 95 21 41 39 
15 33 59 48 25 
80 44 84 81 48 
36 77 20 61 25 
73 77 39 100 40 
15 14 78 45 52 
70 39 71 60 19 
67 15 64 67 86 
89 66 84 41 43 
10 58 100 58 43 
22 75 23 71 90 
59 40 56 39 37 
41 83 23 17 90 
50 34 52 70 36 
62 96 89 47 19 
71 18 43 18 25 
80 95 71 37 47 
11 60 69 23 92 
37 100 87 29 24 
56 81 75 67 62 
84 96 37 15 84 
44 34 17 12 88 
97 53 90 24 59 
100 14 61 80 10 
97 23 32 51 86 
24 16 26 19 23 
17 26 87 95 43 
42 34 56 62 23 
71 91 25 67 94 
11 55 12 15 66 
86 18 15 94 82 
25 87 57 60 34 
97 94 91 39 53 
68 13 83 67 66 
38 37 80 97 25 
48 38 60 34 85 
85 27 18 42 52 
70 69 24 68 27 
65 36 24 28 27 
41 33 66 91 64 
88 36 60 67 58 
65 57 12 64 44 
19 57 59 100 16 
96 82 74 46 88 
90 24 80 76 63 
93 88 84 32 41 
65 94 40 56 48 
13 39 50 39 75 
25 96 13 89 33 
35 37 94 26 65 
74 74 16 69 35 
12 73 60 75 21 
52 59 14 62 41 
76 13 18 83 76 
50 60 14 14 39 
81 20 58 43 64 
15 68 58 73 24 
91 28 37 88 19 
72 87 20 73 31 
25 66 53 10 26 
78 10 15 50 79 
97 83 84 97 80 
39 24 69 24 23 
89 85 44 80 60 
81 28 98 22 33 
38 93 31 51 47 
70 91 48 80 39 
40 90 13 56 73 
49 89 29 25 95 
98 64 54 71 13 
41 95 18 13 79 
83 87 32 73 52 
30 88 35 16 45 
26 51 33 14 47 
49 92 82 24 61 
70 46 88 64 31 
51 22 39 92 33 
65 38 54 32 85 
65 39 53 24 74 
60 85 14 82 22 
63 13 64 28 95 
87 35 15 85 20 
64 47 74 25 31 
62 62 73 51 37 
79 30 85 30 26 
75 100 12 86 50 
73 30 88 82 80 
17 63 78 12 94 
23 75 91 79 71 
44 88 27 63 80 
75 51 97 69 25 
98 75 79 23 31 
24 14 54 73 63 
27 78 93 32 37 
91 19 74 49 53 
25 53 23 93 40 
89 73 64 43 82 
37 35 68 74 75 
88 35 72 61 85 
85 52 41 27 45 
95 74 37 83 100 
59 24 98 52 47 
13 83 89 95 86 
84 49 96 52 10 
46 96 61 63 40 
64 21 61 68 60 
50 67 60 51 74 
73 49 48 98 58 
57 25 26 84 60 
81 31 80 24 40 
71 55 24 31 83 
16 75 60 49 19 
73 29 43 54 92 
29 10 47 15 10 
58 19 67 78 15 
22 57 32 97 58 
52 62 16 44 93 
67 75 16 94 20 
35 38 26 14 48 
27 12 38 78 98 
93 69 20 36 25 
82 67 80 79 64 
57 85 53 69 20 
47 43 11 83 22 
43 33 10 78 97 
27 77 23 94 13 
93 54 39 32 53 
53 81 15 85 66 
41 71 61 38 96 
91 22 22 57 59 
92 77 19 100 11 
10 98 49 92 57 
52 63 30 49 43 
14 45 10 68 28 
25 11 40 66 40 
23 45 33 52 50 
75 23 12 66 36 
91 74 62 58 22 
56 36 78 99 99 
16 90 32 51 53 
27 52 10 40 40 
50 64 84 100 77 
95 64 15 27 86 
21 35 93 76 79 
33 68 99 11 52 
98 38 82 69 12 
87 50 78 74 10 
35 93 99 67 54 
68 99 68 44 74 
19 60 30 81 91 
82 57 15 66 35 
27 72 14 48 15 
35 64 1 1 1 
1 